<?xml version="1.0" encoding="UTF-8" standalone="no" ?>
<LXFML versionMajor="5" versionMinor="0" name="chain">
  <Meta>
    <Application name="LEGO Digital Designer" versionMajor="4" versionMinor="3"/>
    <Brand name="LDDExtended"/>
    <BrickSet version="1392"/>
  </Meta>
  <Cameras>
    <Camera refID="0" fieldOfView="80" distance="69.282218933105469" transformation="-0.86632061004638672,0,-0.49948856234550476,-0.20843930542469025,0.90876638889312744,0.36152037978172302,0.45391833782196045,0.41730552911758423,-0.78728288412094116,31.448465347290039,28.911849975585938,-54.544700622558594"/>
  </Cameras>
  <Bricks cameraRef="0">
    <Brick refID="0" designID="92338">
      <Part refID="0" designID="92338" materials="21">
        <Bone refID="0" transformation="-0.90458786487579346,-0.40791571140289307,0.12379640340805054,-0.031302325427532196,-0.22606076300144196,-0.97361016273498535,0.42513638734817505,-0.88459104299545288,0.19172310829162598,-0.19627292454242706,2.2603137493133545,1.4696279764175415">
        </Bone>
        <Bone refID="1" transformation="-0.83421844244003296,-0.55088561773300171,0.024589482694864273,0.086117155849933624,-0.1741945743560791,-0.9809383749961853,0.54466819763183594,-0.81619930267333984,0.1927570253610611,-0.82496160268783569,1.9768123626708984,1.5556665658950806">
        </Bone>
        <Bone refID="2" transformation="-0.60760939121246338,-0.77437746524810791,-0.17649471759796143,0.30597114562988281,-0.023154675960540771,-0.95175915956497192,0.73293417692184448,-0.63230007886886597,0.25100615620613098,-1.2604237794876099,1.6892499923706055,1.5685023069381714">
        </Bone>
        <Bone refID="3" transformation="-0.14602719247341156,-0.89650040864944458,-0.41828587651252747,0.52497076988220215,0.28815138339996338,-0.80085861682891846,0.83849972486495972,-0.33653497695922852,0.42855855822563171,-1.5775958299636841,1.2850250005722046,1.4763721227645874">
        </Bone>
        <Bone refID="4" transformation="0.41464829444885254,-0.7222672700881958,-0.55353116989135742,0.53092813491821289,0.68604183197021484,-0.49745544791221619,0.73904132843017578,-0.087616242468357086,0.66793811321258545,-1.6538219451904297,0.81705170869827271,1.2580268383026123">
        </Bone>
        <Bone refID="5" transformation="0.78413480520248413,-0.33861294388771057,-0.52007108926773071,0.28197678923606873,0.9409257173538208,-0.18747782707214355,0.55283063650131226,0.0003599002375267446,0.83329355716705322,-1.437375545501709,0.44002819061279297,0.96908348798751831">
        </Bone>
        <Bone refID="6" transformation="0.9036790132522583,0,-0.4282105565071106,0,1,0,0.4282105565071106,0,0.9036790132522583,-1.0280569791793823,0.26327222585678101,0.69760632514953613">
        </Bone>
        <Bone refID="7" transformation="0.9036790132522583,0,-0.4282105565071106,0,1,0,0.4282105565071106,0,0.9036790132522583,-0.40000012516975403,0.26327222585678101,0.40000000596046448">
        </Bone>
      </Part>
    </Brick>
  </Bricks>
  <RigidSystems>
    <RigidSystem>
      <Rigid refID="0" transformation="-0.90458786487579346,-0.40791571140289307,0.12379640340805054,-0.031302325427532196,-0.22606076300144196,-0.97361016273498535,0.42513638734817505,-0.88459104299545288,0.19172310829162598,-0.19627292454242706,2.2603137493133545,1.4696279764175415" boneRefs="0"/>
      <Rigid refID="1" transformation="-0.83421844244003296,-0.55088561773300171,0.024589482694864273,0.086117155849933624,-0.1741945743560791,-0.9809383749961853,0.54466819763183594,-0.81619930267333984,0.1927570253610611,-0.82496160268783569,1.9768123626708984,1.5556665658950806" boneRefs="1"/>
      <Rigid refID="2" transformation="-0.60760939121246338,-0.77437746524810791,-0.17649471759796143,0.30597114562988281,-0.023154675960540771,-0.95175915956497192,0.73293417692184448,-0.63230007886886597,0.25100615620613098,-1.2604237794876099,1.6892499923706055,1.5685023069381714" boneRefs="2"/>
      <Rigid refID="3" transformation="-0.14602719247341156,-0.89650040864944458,-0.41828587651252747,0.52497076988220215,0.28815138339996338,-0.80085861682891846,0.83849972486495972,-0.33653497695922852,0.42855855822563171,-1.5775958299636841,1.2850250005722046,1.4763721227645874" boneRefs="3"/>
      <Rigid refID="4" transformation="0.41464829444885254,-0.7222672700881958,-0.55353116989135742,0.53092813491821289,0.68604183197021484,-0.49745544791221619,0.73904132843017578,-0.087616242468357086,0.66793811321258545,-1.6538219451904297,0.81705170869827271,1.2580268383026123" boneRefs="4"/>
      <Rigid refID="5" transformation="0.78413480520248413,-0.33861294388771057,-0.52007108926773071,0.28197678923606873,0.9409257173538208,-0.18747782707214355,0.55283063650131226,0.0003599002375267446,0.83329355716705322,-1.437375545501709,0.44002819061279297,0.96908348798751831" boneRefs="5"/>
      <Rigid refID="6" transformation="0.9036790132522583,0,-0.4282105565071106,0,1,0,0.4282105565071106,0,0.9036790132522583,-1.0280569791793823,0.26327222585678101,0.69760632514953613" boneRefs="6,7"/>
      <Joint type="ball">
        <RigidRef rigidRef="1" a="-1,0,0" z="0,0,1" t="0,0,0"/>
        <RigidRef rigidRef="0" a="-1,0,0" z="0,0,1" t="0.69499999284744263,0,0"/>
      </Joint>
      <Joint type="ball">
        <RigidRef rigidRef="2" a="-1,0,0" z="0,0,1" t="0,0,0"/>
        <RigidRef rigidRef="1" a="-1,0,0" z="0,0,1" t="0.5220000147819519,0,0"/>
      </Joint>
      <Joint type="ball">
        <RigidRef rigidRef="3" a="-1,0,0" z="0,0,1" t="0,0,0"/>
        <RigidRef rigidRef="2" a="-1,0,0" z="0,0,1" t="0.5220000147819519,0,0"/>
      </Joint>
      <Joint type="ball">
        <RigidRef rigidRef="4" a="-1,0,0" z="0,0,1" t="0,0,0"/>
        <RigidRef rigidRef="3" a="-1,0,0" z="0,0,1" t="0.5220000147819519,0,0"/>
      </Joint>
      <Joint type="ball">
        <RigidRef rigidRef="5" a="-1,0,0" z="0,0,1" t="0,0,0"/>
        <RigidRef rigidRef="4" a="-1,0,0" z="0,0,1" t="0.5220000147819519,0,0"/>
      </Joint>
      <Joint type="ball">
        <RigidRef rigidRef="6" a="-1,0,0" z="0,0,1" t="0,0,0"/>
        <RigidRef rigidRef="5" a="-1,0,0" z="0,0,1" t="0.5220000147819519,0,0"/>
      </Joint>
    </RigidSystem>
  </RigidSystems>
  <GroupSystems>
    <GroupSystem>
    </GroupSystem>
  </GroupSystems>
  <BuildingInstructions>
  </BuildingInstructions>
</LXFML>
