<?xml version="1.0" encoding="UTF-8" standalone="no" ?>
<LXFML versionMajor="5" versionMinor="0" name="flexTest">
  <Meta>
    <Application name="LEGO Digital Designer" versionMajor="4" versionMinor="3"/>
    <Brand name="LDDExtended"/>
    <BrickSet version="1392"/>
  </Meta>
  <Cameras>
    <Camera refID="0" fieldOfView="80" distance="91.673347473144531" transformation="-0.88205802440643311,0,0.47114092111587524,0.29521399736404419,0.77934598922729492,0.55269211530685425,-0.36718177795410156,0.62659382820129395,-0.68742835521697998,-27.260776519775391,62.812885284423828,-62.618846893310547"/>
  </Cameras>
  <Bricks cameraRef="0">
    <Brick refID="0" designID="43675">
      <Part refID="0" designID="43675" materials="21">
        <Bone refID="0" transformation="0,0,-1,-0.53459721803665161,0.84510695934295654,0,0.84510695934295654,0.53459721803665161,0,12,5.381934642791748,0">
        </Bone>
        <Bone refID="1" transformation="0.12909373641014099,0.070814400911331177,-0.98910069465637207,-0.53456306457519531,0.84507781267166138,-0.0092660598456859589,0.83521085977554321,0.52993285655975342,0.14694900810718536,12,5.381934642791748,-0.79999983310699463">
        </Bone>
        <Bone refID="2" transformation="0.17185601592063904,0.13851553201675415,-0.97533529996871948,-0.53862720727920532,0.84218209981918335,0.024698151275515556,0.82483100891113281,0.52109760046005249,0.21934229135513306,12.103275299072266,5.4385862350463867,-1.5912803411483765">
        </Bone>
        <Bone refID="3" transformation="0.13001374900341034,0.20431846380233765,-0.97023212909698486,-0.55032384395599365,0.82884448766708374,0.10079915076494217,0.82476669549942017,0.52083659172058105,0.22020250558853149,12.24075984954834,5.5493984222412109,-2.3715486526489258">
        </Bone>
        <Bone refID="4" transformation="0.0021253156010061502,0.26651927828788757,-0.96382725238800049,-0.56203019618988037,0.79751694202423096,0.21929153800010681,0.82711398601531982,0.54123395681381226,0.15148685872554779,12.344771385192871,5.7128534317016602,-3.1477344036102295">
        </Bone>
        <Bone refID="5" transformation="-0.21112337708473206,0.31627771258354187,-0.92487585544586182,-0.5541042685508728,0.74075603485107422,0.37980121374130249,0.80523002147674561,0.59266257286071777,0.018859915435314178,12.346471786499023,5.9260687828063965,-3.9187963008880615">
        </Bone>
        <Bone refID="6" transformation="-0.49034035205841064,0.33480924367904663,-0.80465465784072876,-0.49426019191741943,0.65360790491104126,0.57315230369567871,0.71782535314559937,0.6787484884262085,-0.15500745177268982,12.177573204040527,6.1790909767150879,-4.6586971282958984">
        </Bone>
        <Bone refID="7" transformation="-0.75496530532836914,0.30184775590896606,-0.58216434717178345,-0.35935071110725403,0.55217188596725464,0.75231194496154785,0.5485384464263916,0.77717059850692749,-0.30840140581130981,11.785300254821777,6.4469385147094727,-5.3024206161499023">
        </Bone>
        <Bone refID="8" transformation="-0.93008977174758911,0.22112195193767548,-0.29332253336906433,-0.16483867168426514,0.46236082911491394,0.87123513221740723,0.3282700777053833,0.85867780447006226,-0.3935876190662384,11.181327819824219,6.6884164810180664,-5.7681522369384766">
        </Bone>
        <Bone refID="9" transformation="-0.99403601884841919,0.10543964803218842,0.027836797758936882,0.067501813173294067,0.39442810416221619,0.91644418239593506,0.085649937391281128,0.91285759210586548,-0.39919310808181763,10.437255859375,6.8653140068054199,-6.002810001373291">
        </Bone>
        <Bone refID="10" transformation="-0.93831807374954224,-0.024938810616731644,0.34487277269363403,0.31408846378326416,0.35561385750770569,0.88027679920196533,-0.14459459483623505,0.93430018424987793,-0.32584592700004578,9.6420269012451172,6.9496660232543945,-5.9805402755737305">
        </Bone>
        <Bone refID="11" transformation="-0.76960468292236328,-0.15383124351501465,0.61971330642700195,0.54395884275436401,0.35031816363334656,0.76248669624328613,-0.33439111709594727,0.92391186952590942,-0.18592862784862518,8.8913717269897461,6.9297146797180176,-5.7046422958374023">
        </Bone>
        <Bone refID="12" transformation="-0.50827592611312866,-0.26590871810913086,0.81911420822143555,0.72629749774932861,0.37873530387878418,0.57363009452819824,-0.46276074647903442,0.88648301362991333,0.00062680384144186974,8.2756881713867188,6.8066501617431641,-5.2088718414306641">
        </Bone>
        <Bone refID="13" transformation="-0.23116807639598846,-0.33977565169334412,0.91165447235107422,0.82359325885772705,0.43049225211143494,0.36928385496139526,-0.51793384552001953,0.83619910478591919,0.18032087385654449,7.8690671920776367,6.5939230918884277,-4.5535802841186523">
        </Bone>
        <Bone refID="14" transformation="-0.016916770488023758,-0.36950233578681946,0.92907577753067017,0.85062968730926514,0.48304402828216553,0.20759963989257813,-0.5254930853843689,0.7938113808631897,0.30613809823989868,7.6841330528259277,6.3221020698547363,-3.824256420135498">
        </Bone>
        <Bone refID="15" transformation="0.11874556541442871,-0.35102999210357666,0.92880427837371826,0.84581047296524048,0.52574056386947632,0.090562090277671814,-0.52010011672973633,0.77483856678009033,0.35933420062065125,7.670600414276123,6.0265002250671387,-3.0809955596923828">
        </Bone>
        <Bone refID="16" transformation="0.16573250293731689,-0.28480690717697144,0.94414925575256348,0.83415627479553223,0.55117130279541016,0.019838578999042511,-0.52603811025619507,0.78428006172180176,0.32892045378684998,7.765596866607666,5.7456760406494141,-2.3379521369934082">
        </Bone>
        <Bone refID="17" transformation="0.12727057933807373,-0.16986966133117676,0.97721362113952637,0.82823991775512695,0.56027573347091675,-0.010475417599081993,-0.54572963714599609,0.81070053577423096,0.21199946105480194,7.8981833457946777,5.5178303718566895,-1.5826325416564941">
        </Bone>
        <Bone refID="18" transformation="0,0,1,0.82944810390472412,0.55858379602432251,0,-0.55858379602432251,0.82944810390472412,0,8,5.381934642791748,-0.800861656665802">
        </Bone>
        <Bone refID="19" transformation="0,0,1,0.82944810390472412,0.55858379602432251,0,-0.55858373641967773,0.82944804430007935,0,7.9999995231628418,5.381934642791748,-0.00086104869842529297">
        </Bone>
      </Part>
    </Brick>
    <Brick refID="1" designID="3673">
      <Part refID="1" designID="3673" materials="21">
        <Bone refID="20" transformation="1,0,0,0,1,0,0,0,1,12,5.381934642791748,0.79999995231628418">
        </Bone>
      </Part>
    </Brick>
    <Brick refID="2" designID="3703">
      <Part refID="2" designID="3703" materials="21">
        <Bone refID="21" transformation="1,0,0,0,1,0,0,0,1,0.40000000596046448,4.8019347190856934,0.3999999463558197">
        </Bone>
      </Part>
    </Brick>
    <Brick refID="3" designID="76270">
      <Part refID="3" designID="76270" materials="21">
        <Bone refID="22" transformation="0,1,0,0.99758952856063843,0,0.069391563534736633,0.069391563534736633,0,-0.99758952856063843,5.2000002861022949,5.761934757232666,0.40000000596046448">
        </Bone>
        <Bone refID="23" transformation="0.010890571400523186,0.99992203712463379,-0.0061127804219722748,0.99753379821777344,-0.01044025644659996,0.069407157599925995,0.069337926805019379,-0.0068535883910953999,-0.99756968021392822,5.2000002861022949,6.1619348526000977,0.40000009536743164">
        </Bone>
        <Bone refID="24" transformation="0.031555864959955215,0.99939721822738647,-0.014470726251602173,0.9971117377281189,-0.030476422980427742,0.069566003978252411,0.069083057343959808,-0.016624145209789276,-0.99747240543365479,5.2043561935424805,6.5619034767150879,0.3975551426410675">
        </Bone>
        <Bone refID="25" transformation="0.062132209539413452,0.99775171279907227,-0.025122320279479027,0.99572294950485229,-0.060242146253585815,0.070047885179519653,0.068376980721950531,-0.029367100447416306,-0.9972272515296936,5.2169790267944336,6.961662769317627,0.39176705479621887">
        </Bone>
        <Bone refID="26" transformation="0.10277073085308075,0.99397474527359009,-0.038109876215457916,0.99245452880859375,-0.099887169897556305,0.071109116077423096,0.066873982548713684,-0.045130252838134766,-0.99674028158187866,5.2418317794799805,7.3607635498046875,0.38171836733818054">
        </Bone>
        <Bone refID="27" transformation="0.15357670187950134,0.9866899847984314,-0.053452007472515106,0.98605388402938843,-0.149518221616745,0.073089361190795898,0.064124487340450287,-0.063931383192539215,-0.9958919882774353,5.2829403877258301,7.7583537101745605,0.36647462844848633">
        </Bone>
        <Bone refID="28" transformation="0.21452099084854126,0.97412669658660889,-0.071118995547294617,0.97490119934082031,-0.20911243557929993,0.076417714357376099,0.059568669646978378,-0.085727192461490631,-0.99453628063201904,5.3443708419799805,8.1530294418334961,0.34509393572807312">
        </Bone>
        <Bone refID="29" transformation="0.28531888127326965,0.95410281419754028,-0.090999789535999298,0.95699173212051392,-0.27839851379394531,0.081615447998046875,0.052535321563482285,-0.11037247627973557,-0.99250084161758423,5.4301795959472656,8.5426807403564453,0.31664630770683289">
        </Bone>
        <Bone refID="30" transformation="0.36527273058891296,0.9240337610244751,-0.11286020278930664,0.92994123697280884,-0.35670202970504761,0.089291602373123169,0.042250994592905045,-0.13756914436817169,-0.98959058523178101,5.544306755065918,8.9243221282958984,0.28024613857269287">
        </Bone>
        <Bone refID="31" transformation="0.45308002829551697,0.88098961114883423,-0.1362929493188858,0.89103424549102783,-0.44275581836700439,0.10012637078762054,0.027865801006555557,-0.16680693626403809,-0.985595703125,5.6904163360595703,9.2939357757568359,0.23510146141052246">
        </Bone>
        <Bone refID="32" transformation="0.54231244325637817,0.82482075691223145,-0.15989977121353149,0.84013628959655762,-0.53050374984741211,0.11285720020532608,0.0082595329731702805,-0.19554147124290466,-0.98066067695617676,5.8716497421264648,9.6463336944580078,0.18058313429355621">
        </Bone>
        <Bone refID="33" transformation="0.61729735136032104,0.7659151554107666,-0.17977181077003479,0.78664255142211914,-0.60430377721786499,0.12653239071369171,-0.01172370184212923,-0.21952427923679352,-0.97553658485412598,6.0885772705078125,9.9762659072875977,0.11662141233682632">
        </Bone>
        <Bone refID="34" transformation="0.67936199903488159,0.70707494020462036,-0.19624541699886322,0.73313528299331665,-0.66542923450469971,0.14041565358638763,-0.031303036957979202,-0.239267498254776,-0.97044897079467773,6.3355007171630859,10.282637596130371,0.04471014067530632">
        </Bone>
        <Bone refID="35" transformation="0.72995609045028687,0.65053105354309082,-0.20969840884208679,0.68167239427566528,-0.71528524160385132,0.15391464531421661,-0.049867924302816391,-0.25529655814170837,-0.9655759334564209,6.6072521209716797,10.565474510192871,-0.033791292458772659">
        </Bone>
        <Bone refID="36" transformation="0.77052074670791626,0.5980563759803772,-0.22051392495632172,0.63389015197753906,-0.75527697801589966,0.1665533035993576,-0.066940814256668091,-0.26811438798904419,-0.96105861663818359,6.8992433547973633,10.82569408416748,-0.11767461895942688">
        </Bone>
        <Bone refID="37" transformation="0.80240035057067871,0.55107814073562622,-0.22905580699443817,0.59110599756240845,-0.786720871925354,0.17794357240200043,-0.082142181694507599,-0.27817824482917786,-0.95701074600219727,7.2074623107910156,11.064925193786621,-0.20588478446006775">
        </Bone>
        <Bone refID="38" transformation="0.82678353786468506,0.51078087091445923,-0.23565211892127991,0.55441290140151978,-0.81078541278839111,0.18775875866413116,-0.095159724354743958,-0.28588441014289856,-0.95352751016616821,7.528435230255127,11.285364151000977,-0.29751229286193848">
        </Bone>
        <Bone refID="39" transformation="0.84465962648391724,0.47819444537162781,-0.24058292806148529,0.52475970983505249,-0.82844722270965576,0.19571009278297424,-0.10572278499603271,-0.29155665636062622,-0.95069313049316406,7.8591628074645996,11.48968505859375,-0.39177879691123962">
        </Bone>
        <Bone refID="40" transformation="0.85678040981292725,0.45426583290100098,-0.2440694272518158,0.5030173659324646,-0.84045261144638062,0.20152664184570313,-0.11358211934566498,-0.29543522000312805,-0.94858688116073608,8.1970415115356445,11.680972099304199,-0.48801809549331665">
        </Bone>
        <Bone refID="41" transformation="0.86361563205718994,0.43991291522979736,-0.24626144766807556,0.49002742767333984,-0.84727394580841064,0.20493897795677185,-0.11849560588598251,-0.2976633608341217,-0.9472883939743042,8.5397710800170898,11.862687110900879,-0.58565235137939453">
        </Bone>
        <Bone refID="42" transformation="0.86529529094696045,0.43605720996856689,-0.24722091853618622,0.48663234710693359,-0.84905236959457397,0.20566719770431519,-0.120220847427845,-0.29826855659484863,-0.94688057899475098,8.8852348327636719,12.038661003112793,-0.68416374921798706">
        </Bone>
        <Bone refID="43" transformation="0.86152982711791992,0.44362971186637878,-0.24689887464046478,0.49368014931678772,-0.84551906585693359,0.20341445505619049,-0.11851701140403748,-0.29713669419288635,-0.94745105504989624,9.2313718795776367,12.213093757629395,-0.78305929899215698">
        </Bone>
        <Bone refID="44" transformation="0.85150289535522461,0.46353733539581299,-0.24510401487350464,0.51199376583099365,-0.83588892221450806,0.19786889851093292,-0.11316010355949402,-0.29397764801979065,-0.94909006357192993,9.5760030746459961,12.390556335449219,-0.88182622194290161">
        </Bone>
        <Bone refID="45" transformation="0.83373516798019409,0.49657019972801208,-0.24146164953708649,0.54228603839874268,-0.81872522830963135,0.1887190192937851,-0.10397849977016449,-0.28828296065330505,-0.95188307762145996,9.9166240692138672,12.575983047485352,-0.97987544536590576">
        </Bone>
        <Bone refID="46" transformation="0.80592679977416992,0.54321789741516113,-0.23536425828933716,0.5849921703338623,-0.79178094863891602,0.17569050192832947,-0.090918697416782379,-0.2792799174785614,-0.95589566230773926,10.250138282775879,12.774623870849609,-1.0764678716659546">
        </Bone>
        <Bone refID="47" transformation="0.76480519771575928,0.603351891040802,-0.22591926157474518,0.63997983932495117,-0.75184214115142822,0.15861642360687256,-0.074154108762741089,-0.26589444279670715,-0.96114581823348999,10.572528839111328,12.991926193237305,-1.1706212759017944">
        </Bone>
        <Bone refID="48" transformation="0.71875882148742676,0.66118526458740234,-0.21498787403106689,0.69282674789428711,-0.70698606967926025,0.14199215173721313,-0.058110300451517105,-0.25100746750831604,-0.966239333152771,10.878470420837402,13.233283996582031,-1.2609965801239014">
        </Bone>
        <Bone refID="49" transformation="0.68005770444869995,0.70374423265457153,-0.20558600127696991,0.73169660568237305,-0.66917192935943604,0.1297268271446228,-0.046277865767478943,-0.23864831030368805,-0.97000277042388916,11.165992736816406,13.497776031494141,-1.3469990491867065">
        </Bone>
        <Bone refID="50" transformation="0.64948540925979614,0.73413139581680298,-0.19803999364376068,0.75943416357040405,-0.639240562915802,0.12095965445041656,-0.037794925272464752,-0.22895987331867218,-0.97270184755325317,11.438034057617188,13.779294013977051,-1.4292405843734741">
        </Bone>
        <Bone refID="51" transformation="0.62692785263061523,0.7549440860748291,-0.19240826368331909,0.77842170000076294,-0.61712640523910522,0.11495515704154968,-0.031955502927303314,-0.22184334695339203,-0.97455853223800659,11.697845458984375,14.072966575622559,-1.5084636211395264">
        </Bone>
        <Bone refID="52" transformation="0.61165297031402588,0.76832616329193115,-0.18856163322925568,0.79062408208847046,-0.60213875770568848,0.11109674721956253,-0.028181726112961769,-0.21703401207923889,-0.9757571816444397,11.948633193969727,14.374965667724609,-1.5854337215423584">
        </Bone>
        <Bone refID="53" transformation="0.60251063108444214,0.77607643604278564,-0.18624261021614075,0.79768764972686768,-0.59316384792327881,0.10886253416538239,-0.025986729189753532,-0.21415427327156067,-0.97645413875579834,12.193310737609863,14.682317733764648,-1.6608651876449585">
        </Bone>
        <Bone refID="54" transformation="0.59807085990905762,0.7797732949256897,-0.18510784208774567,0.8010551929473877,-0.58880466222763062,0.10779455304145813,-0.024937048554420471,-0.21275037527084351,-0.97678834199905396,12.434330940246582,14.992769241333008,-1.7353688478469849">
        </Bone>
        <Bone refID="55" transformation="0.59671908617019653,0.78089100122451782,-0.18475799262523651,0.80207240581512451,-0.58747798204421997,0.10746850818395615,-0.024620058014988899,-0.2123178094625473,-0.97689050436019897,12.673576354980469,15.30470085144043,-1.8094186782836914">
        </Bone>
        <Bone refID="56" transformation="-0.024620084092020988,-0.21231783926486969,-0.97689050436019897,0.80207252502441406,-0.58747804164886475,0.10746852308511734,-0.59671908617019653,-0.78089100122451782,0.18475803732872009,12.912263870239258,15.617057800292969,-1.88332200050354">
        </Bone>
      </Part>
    </Brick>
    <Brick refID="4" designID="57539">
      <Part refID="4" designID="57539" materials="21">
        <Bone refID="57" transformation="-0.83476334810256958,0.37857401371002197,-0.39981481432914734,0.50973969697952271,0.805877685546875,-0.30120855569839478,0.20817211270332336,-0.45523935556411743,-0.86569136381149292,17.55657958984375,9.3158016204833984,6.5747156143188477">
        </Bone>
        <Bone refID="58" transformation="-0.83486568927764893,0.3788730800151825,-0.39931756258010864,0.50977194309234619,0.80586367845535278,-0.30119150876998901,0.20768214762210846,-0.45501533150672913,-0.86592674255371094,16.492288589477539,9.7984685897827148,6.064967155456543">
        </Bone>
        <Bone refID="59" transformation="-0.83504235744476318,0.37936821579933167,-0.39847716689109802,0.50981789827346802,0.8058440089225769,-0.3011663556098938,0.20685748755931854,-0.45463743805885315,-0.86632257699966431,16.300270080566406,9.8856096267700195,5.9731245040893555">
        </Bone>
        <Bone refID="60" transformation="-0.83531749248504639,0.38017955422401428,-0.39712494611740112,0.50990563631057739,0.80580592155456543,-0.30111971497535706,0.20552608370780945,-0.45402681827545166,-0.86695945262908936,16.108209609985352,9.9728641510009766,5.881474494934082">
        </Bone>
        <Bone refID="61" transformation="-0.83571147918701172,0.38142338395118713,-0.39509809017181396,0.51006388664245605,0.805736243724823,-0.30103814601898193,0.20352186262607574,-0.45310631394386292,-0.86791330575942993,15.916086196899414,10.060305595397949,5.7901358604431152">
        </Bone>
        <Bone refID="62" transformation="-0.83622151613235474,0.38179200887680054,-0.39366030693054199,0.50973129272460938,0.80589079856872559,-0.30118763446807861,0.20225620269775391,-0.45252057909965515,-0.86851459741592407,15.723872184753418,10.148033142089844,5.6992630958557129">
        </Bone>
        <Bone refID="63" transformation="-0.8368527889251709,0.38001003861427307,-0.39404284954071045,0.50835514068603516,0.80652105808258057,-0.30182585120201111,0.20310701429843903,-0.45289751887321472,-0.86811947822570801,15.53154182434082,10.235845565795898,5.6087212562561035">
        </Bone>
        <Bone refID="64" transformation="-0.83761888742446899,0.37618610262870789,-0.39607900381088257,0.50595831871032715,0.80760908126831055,-0.30294191837310791,0.2059144526720047,-0.45414933562278748,-0.86680310964584351,15.339065551757812,10.323247909545898,5.5180912017822266">
        </Bone>
        <Bone refID="65" transformation="-0.83851760625839233,0.37039783596992493,-0.39961692690849304,0.50255274772644043,0.80913460254669189,-0.30453565716743469,0.21054452657699585,-0.45618706941604614,-0.86461806297302246,15.14641284942627,10.409770965576172,5.4269928932189941">
        </Bone>
        <Bone refID="66" transformation="-0.83953344821929932,0.36269792914390564,-0.40451675653457642,0.49814131855964661,0.81107461452484131,-0.30661574006080627,0.21688437461853027,-0.4589206874370575,-0.86159908771514893,14.953553199768066,10.494961738586426,5.3350811004638672">
        </Bone>
        <Bone refID="67" transformation="-0.84063977003097534,0.35311919450759888,-0.41064786911010742,0.49271965026855469,0.81340253353118896,-0.30919843912124634,0.22483810782432556,-0.46225875616073608,-0.85776722431182861,14.76046085357666,10.57838249206543,5.242042064666748">
        </Bone>
        <Bone refID="68" transformation="-0.84179967641830444,0.34167894721031189,-0.41788613796234131,0.48627766966819763,0.81608748435974121,-0.31230631470680237,0.2343231737613678,-0.4661080539226532,-0.85313302278518677,14.567113876342773,10.659600257873535,5.1475930213928223">
        </Bone>
        <Bone refID="69" transformation="-0.84296709299087524,0.32838290929794312,-0.42611169815063477,0.4788011908531189,0.81909346580505371,-0.31596729159355164,0.24526703357696533,-0.47037279605865479,-0.84769892692565918,14.373499870300293,10.738186836242676,5.0514793395996094">
        </Bone>
        <Bone refID="70" transformation="-0.84408712387084961,0.31322860717773438,-0.43520665168762207,0.47027325630187988,0.82237833738327026,-0.32021382451057434,0.25760439038276672,-0.47495439648628235,-0.84146201610565186,14.179616928100586,10.813714027404785,4.9534735679626465">
        </Bone>
        <Bone refID="71" transformation="-0.84509646892547607,0.29620844125747681,-0.44505336880683899,0.46067562699317932,0.82589328289031982,-0.32508188486099243,0.27127459645271301,-0.47975078225135803,-0.83441555500030518,13.985476493835449,10.885757446289063,4.8533759117126465">
        </Bone>
        <Bone refID="72" transformation="-0.84592407941818237,0.27731257677078247,-0.45553287863731384,0.44998988509178162,0.8295818567276001,-0.33061015605926514,0.28621944785118103,-0.48465627431869507,-0.82655107975006104,13.791104316711426,10.953885078430176,4.7510137557983398">
        </Bone>
        <Bone refID="73" transformation="-0.84649115800857544,0.25653165578842163,-0.46652358770370483,0.43819898366928101,0.83337926864624023,-0.33683910965919495,0.30238121747970581,-0.48956149816513062,-0.81786012649536133,13.596542358398438,11.017666816711426,4.6462411880493164">
        </Bone>
        <Bone refID="74" transformation="-0.84671193361282349,0.23385921120643616,-0.47790035605430603,0.42528837919235229,0.83721232414245605,-0.34381002187728882,0.3197009265422821,-0.4943535327911377,-0.80833524465560913,13.401848793029785,11.076669692993164,4.5389409065246582">
        </Bone>
        <Bone refID="75" transformation="-0.84649431705474854,0.20929412543773651,-0.48953384160995483,0.41124728322029114,0.84099847078323364,-0.35156393051147461,0.33811694383621216,-0.49891632795333862,-0.79797208309173584,13.20710563659668,11.130456924438477,4.4290237426757812">
        </Bone>
        <Bone refID="76" transformation="-0.84574037790298462,0.18284283578395844,-0.50129002332687378,0.39607000350952148,0.84464627504348755,-0.36014053225517273,0.35756367444992065,-0.50313133001327515,-0.7867700457572937,13.012411117553711,11.178594589233398,4.3164310455322266">
        </Bone>
        <Bone refID="77" transformation="-0.84434759616851807,0.15452137589454651,-0.51303046941757202,0.37975698709487915,0.84805512428283691,-0.36957699060440063,0.37797054648399353,-0.5068783164024353,-0.77473390102386475,12.817891120910645,11.220648765563965,4.201134204864502">
        </Bone>
        <Bone refID="78" transformation="-0.84220981597900391,0.12435726821422577,-0.52461212873458862,0.3623160719871521,0.8511156439781189,-0.37990686297416687,0.39926141500473022,-0.51003670692443848,-0.76187461614608765,12.623691558837891,11.25618839263916,4.083137035369873">
        </Bone>
        <Bone refID="79" transformation="-0.83921843767166138,0.092391178011894226,-0.53588837385177612,0.34376353025436401,0.85371047258377075,-0.39115867018699646,0.42135387659072876,-0.51248645782470703,-0.74821025133132935,12.429983139038086,11.2847900390625,3.9624762535095215">
        </Bone>
        <Bone refID="80" transformation="-0.83526384830474854,0.058678280562162399,-0.54670941829681396,0.32412487268447876,0.85571485757827759,-0.40335491299629211,0.44415917992591858,-0.51410990953445435,-0.73376673460006714,12.23696231842041,11.30604076385498,3.8392219543457031">
        </Bone>
        <Bone refID="81" transformation="-0.83023709058761597,0.023289347067475319,-0.55692368745803833,0.30343571305274963,0.8569980263710022,-0.41651070117950439,0.46758222579956055,-0.51479315757751465,-0.71857833862304688,12.044852256774902,11.319536209106445,3.7134785652160645">
        </Bone>
        <Bone refID="82" transformation="-0.82403123378753662,-0.013688536360859871,-0.56637895107269287,0.28174230456352234,0.85742443799972534,-0.43063279986381531,0.49152189493179321,-0.5144277811050415,-0.70268791913986206,11.853897094726563,11.324892997741699,3.5853860378265381">
        </Bone>
        <Bone refID="83" transformation="-0.81654316186904907,-0.05215160921216011,-0.57492393255233765,0.25910192728042603,0.85685533285140991,-0.44571861624717712,0.51587158441543579,-0.51291239261627197,-0.68614679574966431,11.664369583129883,11.321744918823242,3.4551186561584473">
        </Bone>
        <Bone refID="84" transformation="-0.80767488479614258,-0.091979466378688812,-0.58240967988967896,0.23558306694030762,0.85515058040618896,-0.4617554247379303,0.54052001237869263,-0.510154128074646,-0.66901487112045288,11.476564407348633,11.309749603271484,3.3228859901428223">
        </Bone>
        <Bone refID="85" transformation="-0.79733550548553467,-0.13303551077842712,-0.58869147300720215,0.21126526594161987,0.85217040777206421,-0.47871971130371094,0.56535220146179199,-0.50607031583786011,-0.6513599157333374,11.290799140930176,11.288594245910645,3.1889317035675049">
        </Bone>
        <Bone refID="86" transformation="-0.78544199466705322,-0.17516776919364929,-0.59363043308258057,0.18623888492584229,0.84777742624282837,-0.49657684564590454,0.59025073051452637,-0.50058937072753906,-0.63325697183609009,11.10741138458252,11.257996559143066,3.0535323619842529">
        </Bone>
        <Bone refID="87" transformation="-0.77192097902297974,-0.21821007132530212,-0.59709495306015015,0.16060440242290497,0.84183841943740845,-0.51528078317642212,0.61509692668914795,-0.4936521053314209,-0.61478728055953979,10.926759719848633,11.217707633972168,2.916996955871582">
        </Bone>
        <Bone refID="88" transformation="-0.75670915842056274,-0.26198354363441467,-0.59896230697631836,0.13447177410125732,0.83422648906707764,-0.53477424383163452,0.63977229595184326,-0.48521211743354797,-0.59603744745254517,10.749217987060547,11.167519569396973,2.7796647548675537">
        </Bone>
        <Bone refID="89" transformation="-0.739754319190979,-0.30629834532737732,-0.59912002086639404,0.10795939713716507,0.82482230663299561,-0.55498915910720825,0.66415983438491821,-0.47523626685142517,-0.57709807157516479,10.575174331665039,11.107263565063477,2.6419029235839844">
        </Bone>
        <Bone refID="90" transformation="-0.72101563215255737,-0.35095557570457458,-0.59746688604354858,0.081193029880523682,0.81351590156555176,-0.57584679126739502,0.68814545869827271,-0.46370470523834229,-0.55806255340576172,10.405030250549316,11.03681468963623,2.5041048526763916">
        </Bone>
        <Bone refID="91" transformation="-0.70046359300613403,-0.39574927091598511,-0.5939134955406189,0.054304588586091995,0.80020797252655029,-0.59725892543792725,0.71161907911300659,-0.45061036944389343,-0.53902554512023926,10.239195823669434,10.956094741821289,2.3666868209838867">
        </Bone>
        <Bone refID="92" transformation="-0.67808020114898682,-0.44046846032142639,-0.58838319778442383,0.027430951595306396,0.78481060266494751,-0.61912828683853149,0.73447585105895996,-0.43595853447914124,-0.52008205652236938,10.078088760375977,10.865072250366211,2.2300863265991211">
        </Bone>
        <Bone refID="93" transformation="-0.6538580060005188,-0.48489886522293091,-0.58081215620040894,0.00071270647458732128,0.76724821329116821,-0.64134985208511353,0.75661695003509521,-0.41976568102836609,-0.50132578611373901,9.9221305847167969,10.763763427734375,2.0947575569152832">
        </Bone>
        <Bone refID="94" transformation="-0.62780243158340454,-0.52882397174835205,-0.57114732265472412,-0.025707244873046875,0.74745762348175049,-0.66381192207336426,0.77794808149337769,-0.4020601212978363,-0.48285031318664551,9.7717428207397461,10.652236938476563,1.9611700773239136">
        </Bone>
        <Bone refID="95" transformation="-0.59992885589599609,-0.57202720642089844,-0.55934804677963257,-0.05168452113866806,0.72538816928863525,-0.68639689683914185,0.79838216304779053,-0.38287967443466187,-0.46474626660346985,9.6273469924926758,10.530607223510742,1.8298054933547974">
        </Bone>
        <Bone refID="96" transformation="-0.57025837898254395,-0.61429446935653687,-0.5453876256942749,-0.077073782682418823,0.70100241899490356,-0.70898187160491943,0.81784170866012573,-0.36226773262023926,-0.44709846377372742,9.4893636703491211,10.399040222167969,1.7011548280715942">
        </Bone>
        <Bone refID="97" transformation="-0.53882074356079102,-0.65541321039199829,-0.52925014495849609,-0.10172971338033676,0.67427504062652588,-0.73143988847732544,0.83625549077987671,-0.34027451276779175,-0.42998835444450378,9.3582038879394531,10.257752418518066,1.5757150650024414">
        </Bone>
        <Bone refID="98" transformation="-0.5056527853012085,-0.69517326354980469,-0.51092988252639771,-0.12550748884677887,0.64519274234771729,-0.75364065170288086,0.85355907678604126,-0.31695497035980225,-0.41349294781684875,9.2342748641967773,10.107007026672363,1.4539870023727417">
        </Bone>
        <Bone refID="99" transformation="-0.47080039978027344,-0.73336607217788696,-0.49042961001396179,-0.1482628732919693,0.61375397443771362,-0.7754509449005127,0.86969256401062012,-0.29237011075019836,-0.39768657088279724,9.1179742813110352,9.9471168518066406,1.3364725112915039">
        </Bone>
        <Bone refID="100" transformation="-0.43433541059494019,-0.76977521181106567,-0.46775937080383301,-0.16984863579273224,0.57997441291809082,-0.79673153162002563,0.88459265232086182,-0.26660043001174927,-0.38264867663383484,9.0096902847290039,9.7784423828125,1.2236732244491577">
        </Bone>
        <Bone refID="101" transformation="-0.39631137251853943,-0.80420094728469849,-0.44294255971908569,-0.19012366235256195,0.54387527704238892,-0.81734490394592285,0.89821505546569824,-0.23970921337604523,-0.36844158172607422,8.9097929000854492,9.6013936996459961,1.1160881519317627">
        </Bone>
        <Bone refID="102" transformation="-0.35678660869598389,-0.8364444375038147,-0.41600966453552246,-0.20894733071327209,0.50548815727233887,-0.83715158700942993,0.91051870584487915,-0.21176035702228546,-0.35512423515319824,8.8186416625976563,9.4164266586303711,1.0142109394073486">
        </Bone>
        <Bone refID="103" transformation="-0.31582459807395935,-0.86630678176879883,-0.38699790835380554,-0.22617903351783752,0.464854896068573,-0.85600990056991577,0.92146503925323486,-0.18281817436218262,-0.34275302290916443,8.7365798950195313,9.2240447998046875,0.91852849721908569">
        </Bone>
        <Bone refID="104" transformation="-0.27349483966827393,-0.89358788728713989,-0.3559512197971344,-0.24167762696743011,0.4220280647277832,-0.87377583980560303,0.93101692199707031,-0.15294775366783142,-0.33138269186019897,8.6639404296875,9.0247936248779297,0.82951873540878296">
        </Bone>
        <Bone refID="105" transformation="-0.2298741340637207,-0.91808509826660156,-0.32292056083679199,-0.25530090928077698,0.37707182765007019,-0.89030236005783081,0.93913751840591431,-0.12221556156873703,-0.32106703519821167,8.6010370254516602,8.8192682266235352,0.74764978885650635">
        </Bone>
        <Bone refID="106" transformation="-0.18803697824478149,-0.9390254020690918,-0.28787732124328613,-0.26610851287841797,0.33085182309150696,-0.90538573265075684,0.94542497396469116,-0.093639388680458069,-0.312095046043396,8.5481662750244141,8.6081085205078125,0.67337799072265625">
        </Bone>
        <Bone refID="107" transformation="-0.14974401891231537,-0.95633423328399658,-0.25100111961364746,-0.27472138404846191,0.2841111421585083,-0.91859078407287598,0.94979202747344971,-0.068598099052906036,-0.30526942014694214,8.5049171447753906,8.3921327590942383,0.60716617107391357">
        </Bone>
        <Bone refID="108" transformation="-0.1151430681347847,-0.97035473585128784,-0.21249412000179291,-0.28137660026550293,0.23701600730419159,-0.92986589670181274,0.95266431570053101,-0.04727674275636673,-0.30032587051391602,8.4704761505126953,8.1721763610839844,0.54943585395812988">
        </Bone>
        <Bone refID="109" transformation="-0.084335841238498688,-0.98138940334320068,-0.17251740396022797,-0.28631088137626648,0.18969984352588654,-0.93916988372802734,0.954417884349823,-0.029812069609761238,-0.29698097705841064,8.4439935684204102,7.9489946365356445,0.50056225061416626">
        </Bone>
        <Bone refID="110" transformation="-0.057388205081224442,-0.98969399929046631,-0.13119602203369141,-0.28975763916969299,0.14226764440536499,-0.94646733999252319,0.95537799596786499,-0.016301009804010391,-0.29493588209152222,8.4245967864990234,7.7232747077941895,0.46088325977325439">
        </Bone>
        <Bone refID="111" transformation="-0.034339055418968201,-0.99547296762466431,-0.088624820113182068,-0.29194533824920654,0.094800755381584167,-0.95172512531280518,0.95581835508346558,-0.0068077407777309418,-0.29387906193733215,8.4113969802856445,7.4956450462341309,0.43070819973945618">
        </Bone>
        <Bone refID="112" transformation="-0.015207705087959766,-0.99887686967849731,-0.0448748879134655,-0.29309672117233276,0.047361955046653748,-0.95490896701812744,0.95596182346343994,-0.0013692919164896011,-0.2934877872467041,8.4034996032714844,7.2666864395141602,0.41032451391220093">
        </Bone>
        <Bone refID="113" transformation="0,-1,0,-0.29342883825302124,0,-0.95598089694976807,0.95598089694976807,0,-0.29342883825302124,8.4000015258789063,7.0369448661804199,0.40000328421592712">
        </Bone>
        <Bone refID="114" transformation="0.95598089694976807,0,-0.29342883825302124,-0.29342886805534363,0,-0.95598101615905762,0,1,0,8.4000015258789063,5.761934757232666,0.40000250935554504">
        </Bone>
      </Part>
    </Brick>
    <Brick refID="5" designID="64230">
      <Part refID="5" designID="64230" materials="21,0" decoration="0">
        <Bone refID="115" transformation="0,1,0,0.99986541271209717,0,0.016407374292612076,0.016407374292612076,0,-0.99986541271209717,3.6000001430511475,5.761934757232666,0.3999999463558197">
        </Bone>
        <Bone refID="116" transformation="0.25517451763153076,0.93969255685806274,0.22773638367652893,0.96382975578308105,-0.26594921946525574,0.01741359569132328,0.076929740607738495,0.21505559980869293,-0.97356712818145752,3.6000001430511475,6.6719346046447754,0.40000000596046448">
        </Bone>
        <Bone refID="117" transformation="0.47997081279754639,0.7660444974899292,0.42755568027496338,0.85727113485336304,-0.51305526494979858,-0.043133549392223358,0.18631747364997864,0.38723400235176086,-0.90295934677124023,3.6797423362731934,6.9655885696411133,0.47116768360137939">
        </Bone>
        <Bone refID="118" transformation="0.62800759077072144,0.54213064908981323,0.55830174684524536,0.71639531850814819,-0.68295174837112427,-0.14266951382160187,0.30394765734672546,0.48956230282783508,-0.81727874279022217,3.8297333717346191,7.2049779891967773,0.6047789454460144">
        </Bone>
        <Bone refID="119" transformation="0.6473994255065918,0.49792984127998352,0.57700943946838379,0.68881136178970337,-0.70629960298538208,-0.16333946585655212,0.32620993256568909,0.50319653749465942,-0.80023765563964844,4.0259857177734375,7.3743939399719238,0.77924841642379761">
        </Bone>
        <Bone refID="120" transformation="0.64922863245010376,0.4925917387008667,0.57953047752380371,0.68481230735778809,-0.71012240648269653,-0.16357949376106262,0.33095970749855042,0.50307011604309082,-0.79836469888687134,4.2282986640930176,7.5299968719482422,0.95956403017044067">
        </Bone>
        <Bone refID="121" transformation="0.64876669645309448,0.49274745583534241,0.57991528511047363,0.68421041965484619,-0.71127194166183472,-0.16108477115631104,0.33310332894325256,0.50129050016403198,-0.79859250783920288,4.431182861328125,7.6839323043823242,1.1406675577163696">
        </Bone>
        <Bone refID="122" transformation="0.64820754528045654,0.49306261539459229,0.58027255535125732,0.6839759349822998,-0.71194189786911011,-0.15910881757736206,0.33466970920562744,0.50002801418304443,-0.79872912168502808,4.6339225769042969,7.8379158973693848,1.3218913078308105">
        </Bone>
        <Bone refID="123" transformation="0.64801484346389771,0.49292245507240295,0.58060681819915771,0.68373298645019531,-0.71234458684921265,-0.15834897756576538,0.33553832769393921,0.49959251284599304,-0.79863721132278442,4.8364877700805664,7.9919981956481934,1.5032268762588501">
        </Bone>
        <Bone refID="124" transformation="0.6494869589805603,0.49152255058288574,0.58014851808547974,0.68228918313980103,-0.71351069211959839,-0.15932357311248779,0.33563101291656494,0.49930763244628906,-0.79877638816833496,5.0389933586120605,8.1460371017456055,1.6846669912338257">
        </Bone>
        <Bone refID="125" transformation="0.65781742334365845,0.48493155837059021,0.57629644870758057,0.67441827058792114,-0.71989256143569946,-0.16405701637268066,0.33531510829925537,0.49658441543579102,-0.80060458183288574,5.2419586181640625,8.2996387481689453,1.8659642934799194">
        </Bone>
        <Bone refID="126" transformation="0.69322144985198975,0.45402073860168457,0.55974030494689941,0.63844943046569824,-0.74718976020812988,-0.18463417887687683,0.33440446853637695,0.48535826802253723,-0.80783724784851074,5.4475264549255371,8.4511804580688477,2.046058177947998">
        </Bone>
        <Bone refID="127" transformation="0.82169228792190552,0.29900431632995605,0.48519912362098694,0.46922826766967773,-0.83812779188156128,-0.27814850211143494,0.32349127531051636,0.45622161030769348,-0.82898443937301636,5.6641635894775391,8.5930652618408203,2.2209773063659668">
        </Bone>
        <Bone refID="128" transformation="0.9436945915222168,0.012964549474418163,0.33056390285491943,0.14699140191078186,-0.91160887479782104,-0.38387855887413025,0.29636818170547485,0.41085416078567505,-0.8621860146522522,5.920954704284668,8.6865081787109375,2.3726017475128174">
        </Bone>
        <Bone refID="129" transformation="0.94159197807312012,-0.29318812489509583,0.16566604375839233,-0.17999778687953949,-0.85394984483718872,-0.48823198676109314,0.28461429476737976,0.42989581823348999,-0.85684555768966675,6.2158746719360352,8.6905584335327148,2.4758989810943604">
        </Bone>
