<?xml version="1.0" encoding="UTF-8" standalone="no" ?>
<LXFML versionMajor="5" versionMinor="0" name="loop">
  <Meta>
    <Application name="LEGO Digital Designer" versionMajor="4" versionMinor="3"/>
    <Brand name="LDDExtended"/>
    <BrickSet version="1392"/>
  </Meta>
  <Cameras>
    <Camera refID="0" fieldOfView="80" distance="34.282264709472656" transformation="-0.99991524219512939,0,-0.013009920716285706,-0.0077221356332302094,0.80479162931442261,0.59350717067718506,0.010470273904502392,0.59355747699737549,-0.80472338199615479,0.35894483327865601,20.348495483398438,-27.587749481201172"/>
  </Cameras>
  <Bricks cameraRef="0">
    <Brick refID="0" designID="64230">
      <Part refID="0" designID="64230" materials="21,0" decoration="0">
        <Bone refID="0" transformation="-0.00011533615906955674,1,0,0.17312918603420258,1.2044832146784756E-005,-0.98489910364151001,-0.98489910364151001,-0.00011498725507408381,-0.17312918603420258,0.39999961853027344,0.32338175177574158,-0.40000045299530029">
        </Bone>
        <Bone refID="1" transformation="-0.34117791056632996,0.93955779075622559,-0.028787868097424507,0.1953873485326767,0.040927153080701828,-0.97987180948257446,-0.9194679856300354,-0.33993539214134216,-0.19754114747047424,0.39977356791496277,1.2335942983627319,-0.40001577138900757">
        </Bone>
        <Bone refID="2" transformation="-0.64179927110671997,0.7656894326210022,-0.04258379340171814,0.20573611557483673,0.11842231452465057,-0.97141587734222412,-0.73876005411148071,-0.63221502304077148,-0.23353332281112671,0.29296305775642395,1.5274860858917236,-0.40898895263671875">
        </Bone>
        <Bone refID="3" transformation="-0.40360963344573975,0.89847570657730103,0.17274464666843414,0.081096857786178589,0.22319434583187103,-0.97139465808868408,-0.91133010387420654,-0.37805518507957458,-0.16294693946838379,0.092220999300479889,1.7670660018920898,-0.42224565148353577">
        </Bone>
        <Bone refID="4" transformation="-0.067034639418125153,0.97450977563858032,0.21409584581851959,0.056558210402727127,0.21794487535953522,-0.97432088851928711,-0.99614632129669189,-0.05320436879992485,-0.069726385176181793,-0.034008879214525223,2.0481667518615723,-0.36822652816772461">
        </Bone>
        <Bone refID="5" transformation="0.2775501012802124,0.93316668272018433,0.2283986359834671,0.028511496260762215,0.22963356971740723,-0.97285944223403931,-0.96028798818588257,0.2765292227268219,0.037128843367099762,-0.054856594651937485,2.3529660701751709,-0.30127587914466858">
        </Bone>
        <Bone refID="6" transformation="0.58885526657104492,0.77931052446365356,0.21430015563964844,0.01870252937078476,0.25193536281585693,-0.96756333112716675,-0.80802208185195923,0.57376271486282349,0.13377839326858521,0.032119560986757278,2.6449556350708008,-0.22975492477416992">
        </Bone>
        <Bone refID="7" transformation="0.8286551833152771,0.53003978729248047,0.17996782064437866,0.026601202785968781,0.28385698795318604,-0.95849758386611938,-0.55912697315216064,0.79905134439468384,0.22111986577510834,0.21647585928440094,2.889113187789917,-0.1625201553106308">
        </Bone>
        <Bone refID="8" transformation="0.97440928220748901,0.19392967224121094,0.11365661025047302,0.051248118281364441,0.30065014958381653,-0.95235663652420044,-0.21886108815670013,0.93380981683731079,0.28301775455474854,0.48196649551391602,3.056032657623291,-0.10407742112874985">
        </Bone>
        <Bone refID="9" transformation="0.97788256406784058,-0.20901991426944733,0.0075084548443555832,0.056115563958883286,0.22761088609695435,-0.97213387489318848,0.20148634910583496,0.9510541558265686,0.23430599272251129,0.79626160860061646,3.1161725521087646,-0.071859017014503479">
        </Bone>
        <Bone refID="10" transformation="0.83730292320251465,-0.53979825973510742,-0.086842618882656097,0.086379878222942352,0.28744935989379883,-0.95389276742935181,0.53987252712249756,0.79119575023651123,0.2873099148273468,1.1058636903762817,3.0474586486816406,-0.06915920227766037">
        </Bone>
        <Bone refID="11" transformation="0.60008031129837036,-0.78472608327865601,-0.15526950359344482,0.11111609637737274,0.27398902177810669,-0.9552922248840332,0.79218488931655884,0.55599910020828247,0.25161111354827881,1.3678534030914307,2.8781416416168213,-0.096426770091056824">
        </Bone>
        <Bone refID="12" transformation="0.29015147686004639,-0.93236559629440308,-0.21565371751785278,0.11921413987874985,0.25880804657936096,-0.95854389667510986,0.94952625036239624,0.25241395831108093,0.18624469637870789,1.555647611618042,2.6324448585510254,-0.14511016011238098">
        </Bone>
        <Bone refID="13" transformation="-0.053467214107513428,-0.96584159135818481,-0.25355729460716248,0.14149969816207886,0.24403014779090881,-0.95938891172409058,0.98849332332611084,-0.087174132466316223,0.12361868470907211,1.6463395357131958,2.3409903049468994,-0.21255034208297729">
        </Bone>
        <Bone refID="14" transformation="-0.39048847556114197,-0.88235419988632202,-0.26262098550796509,0.15611918270587921,0.21766878664493561,-0.96345579624176025,0.90727370977401733,-0.41721856594085693,0.052755270153284073,1.6296106576919556,2.0390822887420654,-0.29182443022727966">
        </Bone>
        <Bone refID="15" transformation="-0.64182311296463013,-0.76499807834625244,-0.053301472216844559,0.075612626969814301,0.0060365865938365459,-0.99711900949478149,0.76311588287353516,-0.64400428533554077,0.053969096392393112,1.5074975490570068,1.7632572650909424,-0.37389737367630005">
        </Bone>
        <Bone refID="16" transformation="-0.34139612317085266,-0.93943208456039429,-0.03026600182056427,0.072255663573741913,0.0058743623085319996,-0.99736887216567993,0.93713808059692383,-0.34268474578857422,0.065873801708221436,1.3067753314971924,1.5238616466522217,-0.39055225253105164">
        </Bone>
        <Bone refID="17" transformation="0,-1,0,0.045428600162267685,0,-0.99896758794784546,0.99896758794784546,0,0.045428600162267685,1.2000010013580322,1.2300009727478027,-0.39999982714653015">
        </Bone>
        <Bone refID="18" transformation="0.99896782636642456,0,0.045428596436977386,0.045428622514009476,0,-0.99896794557571411,0,1,0,1.2000007629394531,0.32000058889389038,-0.3999997079372406">
        </Bone>
      </Part>
    </Brick>
  </Bricks>
  <RigidSystems>
    <RigidSystem>
      <Rigid refID="0" transformation="-0.00011533615906955674,1,0,0.17312918603420258,1.2044832146784756E-005,-0.98489910364151001,-0.98489910364151001,-0.00011498725507408381,-0.17312918603420258,0.39999961853027344,0.32338175177574158,-0.40000045299530029" boneRefs="0"/>
      <Rigid refID="1" transformation="-0.34117791056632996,0.93955779075622559,-0.028787868097424507,0.1953873485326767,0.040927153080701828,-0.97987180948257446,-0.9194679856300354,-0.33993539214134216,-0.19754114747047424,0.39977356791496277,1.2335942983627319,-0.40001577138900757" boneRefs="1"/>
      <Rigid refID="2" transformation="-0.64179927110671997,0.7656894326210022,-0.04258379340171814,0.20573611557483673,0.11842231452465057,-0.97141587734222412,-0.73876005411148071,-0.63221502304077148,-0.23353332281112671,0.29296305775642395,1.5274860858917236,-0.40898895263671875" boneRefs="2"/>
      <Rigid refID="3" transformation="-0.40360963344573975,0.89847570657730103,0.17274464666843414,0.081096857786178589,0.22319434583187103,-0.97139465808868408,-0.91133010387420654,-0.37805518507957458,-0.16294693946838379,0.092220999300479889,1.7670660018920898,-0.42224565148353577" boneRefs="3"/>
      <Rigid refID="4" transformation="-0.067034639418125153,0.97450977563858032,0.21409584581851959,0.056558210402727127,0.21794487535953522,-0.97432088851928711,-0.99614632129669189,-0.05320436879992485,-0.069726385176181793,-0.034008879214525223,2.0481667518615723,-0.36822652816772461" boneRefs="4"/>
      <Rigid refID="5" transformation="0.2775501012802124,0.93316668272018433,0.2283986359834671,0.028511496260762215,0.22963356971740723,-0.97285944223403931,-0.96028798818588257,0.2765292227268219,0.037128843367099762,-0.054856594651937485,2.3529660701751709,-0.30127587914466858" boneRefs="5"/>
      <Rigid refID="6" transformation="0.58885526657104492,0.77931052446365356,0.21430015563964844,0.01870252937078476,0.25193536281585693,-0.96756333112716675,-0.80802208185195923,0.57376271486282349,0.13377839326858521,0.032119560986757278,2.6449556350708008,-0.22975492477416992" boneRefs="6"/>
      <Rigid refID="7" transformation="0.8286551833152771,0.53003978729248047,0.17996782064437866,0.026601202785968781,0.28385698795318604,-0.95849758386611938,-0.55912697315216064,0.79905134439468384,0.22111986577510834,0.21647585928440094,2.889113187789917,-0.1625201553106308" boneRefs="7"/>
      <Rigid refID="8" transformation="0.97440928220748901,0.19392967224121094,0.11365661025047302,0.051248118281364441,0.30065014958381653,-0.95235663652420044,-0.21886108815670013,0.93380981683731079,0.28301775455474854,0.48196649551391602,3.056032657623291,-0.10407742112874985" boneRefs="8"/>
      <Rigid refID="9" transformation="0.97788256406784058,-0.20901991426944733,0.0075084548443555832,0.056115563958883286,0.22761088609695435,-0.97213387489318848,0.20148634910583496,0.9510541558265686,0.23430599272251129,0.79626160860061646,3.1161725521087646,-0.071859017014503479" boneRefs="9"/>
      <Rigid refID="10" transformation="0.83730292320251465,-0.53979825973510742,-0.086842618882656097,0.086379878222942352,0.28744935989379883,-0.95389276742935181,0.53987252712249756,0.79119575023651123,0.2873099148273468,1.1058636903762817,3.0474586486816406,-0.06915920227766037" boneRefs="10"/>
      <Rigid refID="11" transformation="0.60008031129837036,-0.78472608327865601,-0.15526950359344482,0.11111609637737274,0.27398902177810669,-0.9552922248840332,0.79218488931655884,0.55599910020828247,0.25161111354827881,1.3678534030914307,2.8781416416168213,-0.096426770091056824" boneRefs="11"/>
      <Rigid refID="12" transformation="0.29015147686004639,-0.93236559629440308,-0.21565371751785278,0.11921413987874985,0.25880804657936096,-0.95854389667510986,0.94952625036239624,0.25241395831108093,0.18624469637870789,1.555647611618042,2.6324448585510254,-0.14511016011238098" boneRefs="12"/>
      <Rigid refID="13" transformation="-0.053467214107513428,-0.96584159135818481,-0.25355729460716248,0.14149969816207886,0.24403014779090881,-0.95938891172409058,0.98849332332611084,-0.087174132466316223,0.12361868470907211,1.6463395357131958,2.3409903049468994,-0.21255034208297729" boneRefs="13"/>
      <Rigid refID="14" transformation="-0.39048847556114197,-0.88235419988632202,-0.26262098550796509,0.15611918270587921,0.21766878664493561,-0.96345579624176025,0.90727370977401733,-0.41721856594085693,0.052755270153284073,1.6296106576919556,2.0390822887420654,-0.29182443022727966" boneRefs="14"/>
      <Rigid refID="15" transformation="-0.64182311296463013,-0.76499807834625244,-0.053301472216844559,0.075612626969814301,0.0060365865938365459,-0.99711900949478149,0.76311588287353516,-0.64400428533554077,0.053969096392393112,1.5074975490570068,1.7632572650909424,-0.37389737367630005" boneRefs="15"/>
      <Rigid refID="16" transformation="-0.34139612317085266,-0.93943208456039429,-0.03026600182056427,0.072255663573741913,0.0058743623085319996,-0.99736887216567993,0.93713808059692383,-0.34268474578857422,0.065873801708221436,1.3067753314971924,1.5238616466522217,-0.39055225253105164" boneRefs="16"/>
      <Rigid refID="17" transformation="0,-1,0,0.045428600162267685,0,-0.99896758794784546,0.99896758794784546,0,0.045428600162267685,1.2000010013580322,1.2300009727478027,-0.39999982714653015" boneRefs="17,18"/>
      <Joint type="ball">
        <RigidRef rigidRef="1" a="-1,0,0" z="0,0,1" t="0,0,0"/>
        <RigidRef rigidRef="0" a="-1,0,0" z="0,0,1" t="0.9100000262260437,0,0"/>
      </Joint>
      <Joint type="ball">
        <RigidRef rigidRef="2" a="-1,0,0" z="0,0,1" t="0,0,0"/>
        <RigidRef rigidRef="1" a="-1,0,0" z="0,0,1" t="0.3125,0,0"/>
      </Joint>
      <Joint type="ball">
        <RigidRef rigidRef="3" a="-1,0,0" z="0,0,1" t="0,0,0"/>
        <RigidRef rigidRef="2" a="-1,0,0" z="0,0,1" t="0.3125,0,0"/>
      </Joint>
      <Joint type="ball">
        <RigidRef rigidRef="4" a="-1,0,0" z="0,0,1" t="0,0,0"/>
        <RigidRef rigidRef="3" a="-1,0,0" z="0,0,1" t="0.3125,0,0"/>
      </Joint>
      <Joint type="ball">
        <RigidRef rigidRef="5" a="-1,0,0" z="0,0,1" t="0,0,0"/>
        <RigidRef rigidRef="4" a="-1,0,0" z="0,0,1" t="0.3125,0,0"/>
      </Joint>
      <Joint type="ball">
        <RigidRef rigidRef="6" a="-1,0,0" z="0,0,1" t="0,0,0"/>
        <RigidRef rigidRef="5" a="-1,0,0" z="0,0,1" t="0.3125,0,0"/>
      </Joint>
      <Joint type="ball">
        <RigidRef rigidRef="7" a="-1,0,0" z="0,0,1" t="0,0,0"/>
        <RigidRef rigidRef="6" a="-1,0,0" z="0,0,1" t="0.3125,0,0"/>
      </Joint>
      <Joint type="ball">
        <RigidRef rigidRef="8" a="-1,0,0" z="0,0,1" t="0,0,0"/>
        <RigidRef rigidRef="7" a="-1,0,0" z="0,0,1" t="0.3125,0,0"/>
      </Joint>
      <Joint type="ball">
        <RigidRef rigidRef="9" a="-1,0,0" z="0,0,1" t="0,0,0"/>
        <RigidRef rigidRef="8" a="-1,0,0" z="0,0,1" t="0.3125,0,0"/>
      </Joint>
      <Joint type="ball">
        <RigidRef rigidRef="10" a="-1,0,0" z="0,0,1" t="0,0,0"/>
        <RigidRef rigidRef="9" a="-1,0,0" z="0,0,1" t="0.3125,0,0"/>
      </Joint>
      <Joint type="ball">
        <RigidRef rigidRef="11" a="-1,0,0" z="0,0,1" t="0,0,0"/>
        <RigidRef rigidRef="10" a="-1,0,0" z="0,0,1" t="0.3125,0,0"/>
      </Joint>
      <Joint type="ball">
        <RigidRef rigidRef="12" a="-1,0,0" z="0,0,1" t="0,0,0"/>
        <RigidRef rigidRef="11" a="-1,0,0" z="0,0,1" t="0.3125,0,0"/>
      </Joint>
      <Joint type="ball">
        <RigidRef rigidRef="13" a="-1,0,0" z="0,0,1" t="0,0,0"/>
        <RigidRef rigidRef="12" a="-1,0,0" z="0,0,1" t="0.3125,0,0"/>
      </Joint>
      <Joint type="ball">
        <RigidRef rigidRef="14" a="-1,0,0" z="0,0,1" t="0,0,0"/>
        <RigidRef rigidRef="13" a="-1,0,0" z="0,0,1" t="0.3125,0,0"/>
      </Joint>
      <Joint type="ball">
        <RigidRef rigidRef="15" a="-1,0,0" z="0,0,1" t="0,0,0"/>
        <RigidRef rigidRef="14" a="-1,0,0" z="0,0,1" t="0.3125,0,0"/>
      </Joint>
      <Joint type="ball">
        <RigidRef rigidRef="16" a="-1,0,0" z="0,0,1" t="0,0,0"/>
        <RigidRef rigidRef="15" a="-1,0,0" z="0,0,1" t="0.3125,0,0"/>
      </Joint>
      <Joint type="ball">
        <RigidRef rigidRef="17" a="-1,0,0" z="0,0,1" t="0,0,0"/>
        <RigidRef rigidRef="16" a="-1,0,0" z="0,0,1" t="0.3125,0,0"/>
      </Joint>
    </RigidSystem>
  </RigidSystems>
  <GroupSystems>
    <GroupSystem>
    </GroupSystem>
  </GroupSystems>
  <BuildingInstructions>
  </BuildingInstructions>
</LXFML>
