<?xml version="1.0" encoding="UTF-8" standalone="no" ?>
<LXFML versionMajor="5" versionMinor="0" name="loop2">
  <Meta>
    <Application name="LEGO Digital Designer" versionMajor="4" versionMinor="3"/>
    <Brand name="LDDExtended"/>
    <BrickSet version="1392"/>
  </Meta>
  <Cameras>
    <Camera refID="0" fieldOfView="80" distance="34.282672882080078" transformation="0.98795014619827271,0,-0.15477219223976135,-0.089399807155132294,0.81630444526672363,-0.57066160440444946,0.12634123861789703,0.57762187719345093,0.80646812915802002,4.3313159942626953,19.802421569824219,27.647878646850586"/>
  </Cameras>
  <Bricks cameraRef="0">
    <Brick refID="0" designID="87580">
      <Part refID="0" designID="87580" materials="21">
        <Bone refID="0" transformation="1,0,0,0,1,0,0,0,1,-0.40000000596046448,0,0.40000000596046448">
        </Bone>
      </Part>
    </Brick>
    <Brick refID="1" designID="64230">
      <Part refID="1" designID="64230" materials="21,0" decoration="0">
        <Bone refID="1" transformation="0,1,0,-0.11419881880283356,0,-0.99345791339874268,-0.99345791339874268,0,0.11419881880283356,0,0.32000002264976501,0">
        </Bone>
        <Bone refID="2" transformation="-0.10389088839292526,0.99457859992980957,-0.0044797463342547417,-0.11370380222797394,-0.016351528465747833,-0.99338012933731079,-0.9880678653717041,-0.10269378125667572,0.11478614807128906,0,1.2300000190734863,0">
        </Bone>
        <Bone refID="3" transformation="-0.12577901780605316,0.9920274019241333,-0.0078271599486470222,-0.11203810572624207,-0.022043755277991295,-0.99345940351486206,-0.98571145534515381,-0.12407940626144409,0.1139175146818161,-0.03246593102812767,1.5408059358596802,-0.0013999551301822066">
        </Bone>
        <Bone refID="4" transformation="-0.075102224946022034,0.99711990356445313,-0.010561132803559303,-0.11087618768215179,-0.01887553371489048,-0.99365496635437012,-0.99099248647689819,-0.073454722762107849,0.11197444796562195,-0.071771875023841858,1.8508144617080688,-0.0038459412753582001">
        </Bone>
        <Bone refID="5" transformation="0.066638387739658356,0.99769407510757446,-0.012880216352641582,-0.10992114245891571,-0.0054896622896194458,-0.99392515420913696,-0.99170392751693726,0.067649379372596741,0.1093018501996994,-0.09524131566286087,2.16241455078125,-0.0071462951600551605">
        </Bone>
        <Bone refID="6" transformation="0.34345135092735291,0.93907707929611206,-0.013244957663118839,-0.1056058332324028,0.024602459743618965,-0.99410367012023926,-0.93321412801742554,0.34282499551773071,0.10762176662683487,-0.074416816234588623,2.474193811416626,-0.011171363294124603">
        </Bone>
        <Bone refID="7" transformation="0.64395332336425781,0.76497894525527954,-0.011458113789558411,-0.089617393910884857,0.060548745095729828,-0.99413406848907471,-0.75979787111282349,0.64120280742645264,0.10754598677158356,0.032911743968725204,2.7676553726196289,-0.015310413204133511">
        </Bone>
        <Bone refID="8" transformation="0.86677664518356323,0.49858966469764709,-0.010324222967028618,-0.062463443726301193,0.088004082441329956,-0.9941597580909729,-0.49476921558380127,0.86235934495925903,0.10742351412773132,0.23414717614650726,3.006711483001709,-0.018891073763370514">
        </Bone>
        <Bone refID="9" transformation="0.9850534200668335,0.17206236720085144,-0.0080219712108373642,-0.026401475071907043,0.10479849576950073,-0.99414294958114624,-0.17021389305591583,0.97949570417404175,0.10777481645345688,0.50501489639282227,3.1625206470489502,-0.022117393091320992">
        </Bone>
        <Bone refID="10" transformation="0.98452556133270264,-0.17520490288734436,-0.0035563174169510603,0.015685459598898888,0.10831711441278458,-0.99399262666702271,0.17453759908676147,0.97855538129806519,0.10938914120197296,0.81284409761428833,3.2162902355194092,-0.024624260142445564">
        </Bone>
        <Bone refID="11" transformation="0.86524808406829834,-0.50134134292602539,0.0016156864585354924,0.05780961737036705,0.096569418907165527,-0.99364602565765381,0.49799978733062744,0.85984373092651367,0.11253885924816132,1.1205084323883057,3.1615386009216309,-0.025735609233379364">
        </Bone>
        <Bone refID="12" transformation="0.64160817861557007,-0.76700675487518311,0.0062898439355194569,0.093925230205059052,0.070425517857074738,-0.99308526515960693,0.76126015186309814,0.63776242733001709,0.11722687631845474,1.3908984661102295,3.0048694610595703,-0.025230707600712776">
        </Bone>
        <Bone refID="13" transformation="0.3405824601650238,-0.94015634059906006,0.010473542846739292,0.11977869272232056,0.032337069511413574,-0.99227386713027954,0.93255382776260376,0.33920556306838989,0.12362413853406906,1.5914011001586914,2.7651796340942383,-0.023265130817890167">
        </Bone>
        <Bone refID="14" transformation="0.065417729318141937,-0.9977453351020813,0.0149923050776124,0.12912745773792267,-0.006433757022023201,-0.99160712957382202,0.98946785926818848,0.066804610192775726,0.12841543555259705,1.6978331804275513,2.4713807106018066,-0.019992148503661156">
        </Bone>
        <Bone refID="15" transformation="-0.095751538872718811,-0.99523752927780151,0.018271973356604576,0.1267438530921936,-0.030396787449717522,-0.9914696216583252,0.98730319738388062,-0.092618882656097412,0.12905077636241913,1.7182761430740356,2.1595854759216309,-0.015307052992284298">
        </Bone>
        <Bone refID="16" transformation="-0.15650215744972229,-0.9875108003616333,0.018152019008994102,0.1227954626083374,-0.037690125405788422,-0.99171602725982666,0.98001444339752197,-0.15297672152519226,0.12716042995452881,1.6883537769317627,1.8485735654830933,-0.0095970584079623222">
        </Bone>
        <Bone refID="17" transformation="-0.12622974812984467,-0.99192154407501221,0.012558436021208763,0.12198764830827713,-0.028085008263587952,-0.9921342134475708,0.98447197675704956,-0.12370488047599792,0.12454733997583389,1.6394468545913696,1.5399764776229858,-0.0039245495572686195">
        </Bone>
        <Bone refID="18" transformation="0,-1,0,0.12431526929140091,0,-0.99224275350570679,0.99224275350570679,0,0.12431526929140091,1.6000001430511475,1.2300009727478027,0">
        </Bone>
        <Bone refID="19" transformation="0.99224275350570679,0,0.12431525439023972,0.12431527674198151,0,-0.99224275350570679,0,1,0,1.5999999046325684,0.32000058889389038,0">
        </Bone>
      </Part>
    </Brick>
    <Brick refID="2" designID="87580">
      <Part refID="2" designID="87580" materials="21">
        <Bone refID="20" transformation="1,0,0,0,1,0,0,0,1,1.2000000476837158,0,0.40000000596046448">
        </Bone>
      </Part>
    </Brick>
  </Bricks>
  <RigidSystems>
    <RigidSystem>
      <Rigid refID="0" transformation="1,0,0,0,1,0,0,0,1,-0.40000000596046448,0,0.40000000596046448" boneRefs="0"/>
      <Rigid refID="1" transformation="0,1,0,-0.11419881880283356,0,-0.99345791339874268,-0.99345791339874268,0,0.11419881880283356,0,0.32000002264976501,0" boneRefs="1"/>
      <Rigid refID="2" transformation="-0.10389088839292526,0.99457859992980957,-0.0044797463342547417,-0.11370380222797394,-0.016351528465747833,-0.99338012933731079,-0.9880678653717041,-0.10269378125667572,0.11478614807128906,0,1.2300000190734863,0" boneRefs="2"/>
      <Rigid refID="3" transformation="-0.12577901780605316,0.9920274019241333,-0.0078271599486470222,-0.11203810572624207,-0.022043755277991295,-0.99345940351486206,-0.98571145534515381,-0.12407940626144409,0.1139175146818161,-0.03246593102812767,1.5408059358596802,-0.0013999551301822066" boneRefs="3"/>
      <Rigid refID="4" transformation="-0.075102224946022034,0.99711990356445313,-0.010561132803559303,-0.11087618768215179,-0.01887553371489048,-0.99365496635437012,-0.99099248647689819,-0.073454722762107849,0.11197444796562195,-0.071771875023841858,1.8508144617080688,-0.0038459412753582001" boneRefs="4"/>
      <Rigid refID="5" transformation="0.066638387739658356,0.99769407510757446,-0.012880216352641582,-0.10992114245891571,-0.0054896622896194458,-0.99392515420913696,-0.99170392751693726,0.067649379372596741,0.1093018501996994,-0.09524131566286087,2.16241455078125,-0.0071462951600551605" boneRefs="5"/>
      <Rigid refID="6" transformation="0.34345135092735291,0.93907707929611206,-0.013244957663118839,-0.1056058332324028,0.024602459743618965,-0.99410367012023926,-0.93321412801742554,0.34282499551773071,0.10762176662683487,-0.074416816234588623,2.474193811416626,-0.011171363294124603" boneRefs="6"/>
      <Rigid refID="7" transformation="0.64395332336425781,0.76497894525527954,-0.011458113789558411,-0.089617393910884857,0.060548745095729828,-0.99413406848907471,-0.75979787111282349,0.64120280742645264,0.10754598677158356,0.032911743968725204,2.7676553726196289,-0.015310413204133511" boneRefs="7"/>
      <Rigid refID="8" transformation="0.86677664518356323,0.49858966469764709,-0.010324222967028618,-0.062463443726301193,0.088004082441329956,-0.9941597580909729,-0.49476921558380127,0.86235934495925903,0.10742351412773132,0.23414717614650726,3.006711483001709,-0.018891073763370514" boneRefs="8"/>
      <Rigid refID="9" transformation="0.9850534200668335,0.17206236720085144,-0.0080219712108373642,-0.026401475071907043,0.10479849576950073,-0.99414294958114624,-0.17021389305591583,0.97949570417404175,0.10777481645345688,0.50501489639282227,3.1625206470489502,-0.022117393091320992" boneRefs="9"/>
      <Rigid refID="10" transformation="0.98452556133270264,-0.17520490288734436,-0.0035563174169510603,0.015685459598898888,0.10831711441278458,-0.99399262666702271,0.17453759908676147,0.97855538129806519,0.10938914120197296,0.81284409761428833,3.2162902355194092,-0.024624260142445564" boneRefs="10"/>
      <Rigid refID="11" transformation="0.86524808406829834,-0.50134134292602539,0.0016156864585354924,0.05780961737036705,0.096569418907165527,-0.99364602565765381,0.49799978733062744,0.85984373092651367,0.11253885924816132,1.1205084323883057,3.1615386009216309,-0.025735609233379364" boneRefs="11"/>
      <Rigid refID="12" transformation="0.64160817861557007,-0.76700675487518311,0.0062898439355194569,0.093925230205059052,0.070425517857074738,-0.99308526515960693,0.76126015186309814,0.63776242733001709,0.11722687631845474,1.3908984661102295,3.0048694610595703,-0.025230707600712776" boneRefs="12"/>
      <Rigid refID="13" transformation="0.3405824601650238,-0.94015634059906006,0.010473542846739292,0.11977869272232056,0.032337069511413574,-0.99227386713027954,0.93255382776260376,0.33920556306838989,0.12362413853406906,1.5914011001586914,2.7651796340942383,-0.023265130817890167" boneRefs="13"/>
      <Rigid refID="14" transformation="0.065417729318141937,-0.9977453351020813,0.0149923050776124,0.12912745773792267,-0.006433757022023201,-0.99160712957382202,0.98946785926818848,0.066804610192775726,0.12841543555259705,1.6978331804275513,2.4713807106018066,-0.019992148503661156" boneRefs="14"/>
      <Rigid refID="15" transformation="-0.095751538872718811,-0.99523752927780151,0.018271973356604576,0.1267438530921936,-0.030396787449717522,-0.9914696216583252,0.98730319738388062,-0.092618882656097412,0.12905077636241913,1.7182761430740356,2.1595854759216309,-0.015307052992284298" boneRefs="15"/>
      <Rigid refID="16" transformation="-0.15650215744972229,-0.9875108003616333,0.018152019008994102,0.1227954626083374,-0.037690125405788422,-0.99171602725982666,0.98001444339752197,-0.15297672152519226,0.12716042995452881,1.6883537769317627,1.8485735654830933,-0.0095970584079623222" boneRefs="16"/>
      <Rigid refID="17" transformation="-0.12622974812984467,-0.99192154407501221,0.012558436021208763,0.12198764830827713,-0.028085008263587952,-0.9921342134475708,0.98447197675704956,-0.12370488047599792,0.12454733997583389,1.6394468545913696,1.5399764776229858,-0.0039245495572686195" boneRefs="17"/>
      <Rigid refID="18" transformation="0,-1,0,0.12431526929140091,0,-0.99224275350570679,0.99224275350570679,0,0.12431526929140091,1.6000001430511475,1.2300009727478027,0" boneRefs="18,19"/>
      <Rigid refID="19" transformation="1,0,0,0,1,0,0,0,1,1.2000000476837158,0,0.40000000596046448" boneRefs="20"/>
      <Joint type="hinge">
        <RigidRef rigidRef="1" a="1,0,0" z="0,0,1" t="0,0,0"/>
        <RigidRef rigidRef="0" a="0,1,0" z="0,0,1" t="0.40000000596046448,0.31999999284744263,-0.40000000596046448"/>
      </Joint>
      <Joint type="ball">
        <RigidRef rigidRef="2" a="-1,0,0" z="0,0,1" t="0,0,0"/>
        <RigidRef rigidRef="1" a="-1,0,0" z="0,0,1" t="0.9100000262260437,0,0"/>
      </Joint>
      <Joint type="ball">
        <RigidRef rigidRef="3" a="-1,0,0" z="0,0,1" t="0,0,0"/>
        <RigidRef rigidRef="2" a="-1,0,0" z="0,0,1" t="0.3125,0,0"/>
      </Joint>
      <Joint type="ball">
        <RigidRef rigidRef="4" a="-1,0,0" z="0,0,1" t="0,0,0"/>
        <RigidRef rigidRef="3" a="-1,0,0" z="0,0,1" t="0.3125,0,0"/>
      </Joint>
      <Joint type="ball">
        <RigidRef rigidRef="5" a="-1,0,0" z="0,0,1" t="0,0,0"/>
        <RigidRef rigidRef="4" a="-1,0,0" z="0,0,1" t="0.3125,0,0"/>
      </Joint>
      <Joint type="ball">
        <RigidRef rigidRef="6" a="-1,0,0" z="0,0,1" t="0,0,0"/>
        <RigidRef rigidRef="5" a="-1,0,0" z="0,0,1" t="0.3125,0,0"/>
      </Joint>
      <Joint type="ball">
        <RigidRef rigidRef="7" a="-1,0,0" z="0,0,1" t="0,0,0"/>
        <RigidRef rigidRef="6" a="-1,0,0" z="0,0,1" t="0.3125,0,0"/>
      </Joint>
      <Joint type="ball">
        <RigidRef rigidRef="8" a="-1,0,0" z="0,0,1" t="0,0,0"/>
        <RigidRef rigidRef="7" a="-1,0,0" z="0,0,1" t="0.3125,0,0"/>
      </Joint>
      <Joint type="ball">
        <RigidRef rigidRef="9" a="-1,0,0" z="0,0,1" t="0,0,0"/>
        <RigidRef rigidRef="8" a="-1,0,0" z="0,0,1" t="0.3125,0,0"/>
      </Joint>
      <Joint type="ball">
        <RigidRef rigidRef="10" a="-1,0,0" z="0,0,1" t="0,0,0"/>
        <RigidRef rigidRef="9" a="-1,0,0" z="0,0,1" t="0.3125,0,0"/>
      </Joint>
      <Joint type="ball">
        <RigidRef rigidRef="11" a="-1,0,0" z="0,0,1" t="0,0,0"/>
        <RigidRef rigidRef="10" a="-1,0,0" z="0,0,1" t="0.3125,0,0"/>
      </Joint>
      <Joint type="ball">
        <RigidRef rigidRef="12" a="-1,0,0" z="0,0,1" t="0,0,0"/>
        <RigidRef rigidRef="11" a="-1,0,0" z="0,0,1" t="0.3125,0,0"/>
      </Joint>
      <Joint type="ball">
        <RigidRef rigidRef="13" a="-1,0,0" z="0,0,1" t="0,0,0"/>
        <RigidRef rigidRef="12" a="-1,0,0" z="0,0,1" t="0.3125,0,0"/>
      </Joint>
      <Joint type="ball">
        <RigidRef rigidRef="14" a="-1,0,0" z="0,0,1" t="0,0,0"/>
        <RigidRef rigidRef="13" a="-1,0,0" z="0,0,1" t="0.3125,0,0"/>
      </Joint>
      <Joint type="ball">
        <RigidRef rigidRef="15" a="-1,0,0" z="0,0,1" t="0,0,0"/>
        <RigidRef rigidRef="14" a="-1,0,0" z="0,0,1" t="0.3125,0,0"/>
      </Joint>
      <Joint type="ball">
        <RigidRef rigidRef="16" a="-1,0,0" z="0,0,1" t="0,0,0"/>
        <RigidRef rigidRef="15" a="-1,0,0" z="0,0,1" t="0.3125,0,0"/>
      </Joint>
      <Joint type="ball">
        <RigidRef rigidRef="17" a="-1,0,0" z="0,0,1" t="0,0,0"/>
        <RigidRef rigidRef="16" a="-1,0,0" z="0,0,1" t="0.3125,0,0"/>
      </Joint>
      <Joint type="ball">
        <RigidRef rigidRef="18" a="-1,0,0" z="0,0,1" t="0,0,0"/>
        <RigidRef rigidRef="17" a="-1,0,0" z="0,0,1" t="0.3125,0,0"/>
      </Joint>
      <Joint type="hinge">
        <RigidRef rigidRef="19" a="0,1,0" z="0,0,1" t="0.40000000596046448,0.31999999284744263,-0.40000000596046448"/>
        <RigidRef rigidRef="18" a="-1,0,0" z="0,0,1" t="0.91000097990036011,0,0"/>
      </Joint>
    </RigidSystem>
  </RigidSystems>
  <GroupSystems>
    <GroupSystem>
    </GroupSystem>
  </GroupSystems>
  <BuildingInstructions>
  </BuildingInstructions>
</LXFML>
